0.252976 0.622817 
0.177614 0.702176 
1.501707 1.277546 
2.223671 1.327652 
2.526140 0.633931 
0.648536 0.982983 
1.415116 1.325749 
1.844002 1.130896 
2.963463 0.756604 
1.620555 1.337601 
-0.293847 0.489714 
2.819946 0.843163 
1.660877 1.438622 
0.425278 1.033101 
0.197968 0.982968 
3.167735 -0.030975 
2.359756 1.136240 
2.313627 1.022727 
3.103092 0.267648 
1.672528 1.531170 
2.531814 0.786793 
0.905375 1.366786 
-0.040659 0.668948 
2.830677 0.480962 
-0.065546 0.289188 
1.452480 1.451042 
-0.247738 0.162521 
2.138617 1.082348 
2.818599 0.890906 
2.027982 1.224145 
2.897427 0.711173 
2.123196 1.181337 
1.589955 1.219500 
3.035846 0.085209 
-0.173861 -0.063257 
-0.278334 0.247153 
0.730783 0.975265 
3.110505 0.343586 
1.757019 1.296355 
1.496242 1.210408 
1.696175 1.185296 
1.911142 1.254074 
2.394893 0.759252 
-0.152317 -0.158246 
2.256279 0.958961 
0.790533 1.198640 
0.815625 1.171578 
0.545942 0.996429 
2.803410 0.698846 
-0.119733 0.488981 
3.146494 -0.016003 
2.591416 0.760252 
1.544000 1.382675 
0.449790 1.109906 
0.571459 0.991236 
2.952319 0.183079 
-0.439878 -0.134185 
0.837494 1.001069 
2.632881 0.770630 
3.107542 0.039355 
-0.267090 -0.268709 
2.430654 1.164496 
3.248110 0.128262 
1.106434 1.121019 
-0.335885 0.265590 
1.769461 1.128169 
3.341152 -0.025414 
2.207686 1.030974 
3.044694 -0.276390 
0.637508 1.169177 
0.589520 1.269415 
1.258737 1.424498 
2.970984 -0.342367 
3.091637 0.294787 
0.596821 1.067877 
0.427803 0.795891 
2.464472 1.070312 
3.064725 -0.149929 
3.244261 0.282445 
2.381535 1.119466 
2.848511 0.408599 
0.620516 0.935752 
0.502496 0.928616 
2.110163 1.257608 
0.976932 1.365545 
0.026439 0.935029 
-0.202732 -0.359935 
2.059339 1.224139 
2.860196 0.711802 
1.653068 1.216244 
2.678651 0.623288 
-0.171929 -0.236708 
2.116119 1.025382 
2.791577 0.630244 
2.502809 0.996996 
0.173770 0.510393 
2.378769 0.793759 
1.525406 1.358497 
3.111480 0.226342 
3.124069 -0.278659 
3.087785 0.329949 
0.123560 1.016798 
0.861294 1.204300 
0.280489 0.686804 
-0.253127 -0.351822 
2.957915 0.439256 
2.393114 0.948120 
3.192103 -0.227942 
1.761590 1.352939 
1.967749 1.345993 
-0.008420 0.389345 
0.531605 1.160446 
0.035393 0.726333 
-0.311415 -0.225169 
-0.241911 0.312528 
0.545705 1.151753 
2.905113 0.090965 
-0.422296 -0.247931 
3.015239 -0.246778 
0.488258 0.933393 
3.037984 0.173793 
2.449431 0.974811 
1.962169 1.070368 
3.198666 0.027287 
3.120936 -0.357339 
-0.145698 -0.285679 
1.165108 1.210114 
0.125069 0.601756 
1.804802 1.280600 
-0.056753 0.526118 
0.038736 0.847467 
2.755472 0.803882 
1.071019 1.208804 
0.147469 0.649334 
2.467932 0.976791 
-0.024593 0.099298 
1.353800 1.211752 
1.946182 1.217801 
3.109148 0.221029 
3.065791 0.519177 
-0.474933 -0.325204 
0.114045 0.675098 
3.063917 -0.313928 
0.048766 0.966334 
2.789341 0.479020 
0.015705 0.519848 
0.695207 1.013617 
-0.345905 0.197860 
0.401454 1.156341 
0.537061 1.285396 
1.439963 1.214253 
2.479044 1.167767 
2.413613 1.049457 
2.492291 0.749024 
1.595872 1.143766 
2.994155 -0.110682 
1.069526 1.362808 
2.906757 0.335993 
0.974380 1.465317 
1.576294 1.525833 
3.342487 -0.273443 
2.811037 0.263715 
-0.210985 0.123241 
3.134353 -0.111314 
0.520112 1.180816 
2.140046 0.980760 
0.642779 1.040107 
0.445826 0.950092 
2.952362 -0.269699 
1.394298 1.115696 
2.930604 0.561419 
3.041167 0.018097 
1.757653 1.185803 
0.010901 0.649340 
0.087328 0.895203 
2.987828 0.118188 
2.987204 0.686383 
3.082296 -0.336905 
2.377365 1.298700 
1.606875 1.365064 
2.747879 0.972405 
2.752827 0.445769 
0.250076 0.786989 
2.887794 0.171692 
0.366586 0.918970 
2.697265 0.715194 
-0.380058 -0.077741 
0.984265 1.299526 
0.419439 0.884468 
0.049148 0.691060 
1.379251 1.203470 
-0.130502 -0.062882 
-0.377932 0.228293 
0.355589 1.194141 
0.574592 0.981856 
0.753252 0.981141 
2.689820 0.417776 
1.359803 1.268285 
3.079692 -0.181397 
1.383795 1.193299 
0.431101 1.144259 
3.140059 -0.319862 
3.218825 -0.305945 
0.811272 1.047367 
3.178731 0.437117 
-0.239078 0.017679 
2.959869 0.714160 
2.924486 0.548937 
0.625362 1.309157 
2.298568 0.966819 
1.183218 1.515518 
2.521164 1.225006 
1.941154 1.185401 
0.721057 1.149710 
2.914935 0.679392 
2.572258 0.839511 
2.253897 0.889466 
2.477806 0.998678 
-0.470509 -0.210187 
1.905376 1.222506 
0.980896 1.450900 
0.277681 0.745121 
-0.335499 0.281177 
2.786915 0.712061 
1.357530 1.436330 
2.275625 0.927083 
1.711772 1.482742 
2.774282 0.271699 
3.230700 0.296028 
1.429926 1.556959 
0.043598 0.377901 
-0.194494 0.119258 
-0.143147 0.623009 
1.681121 1.089696 
0.297995 1.011833 
2.585223 0.636874 
0.075248 0.382035 
2.717172 0.595030 
2.843823 0.346067 
0.865137 1.282973 
3.360041 -0.262049 
-0.470612 0.042999 
2.870098 0.691506 
2.643970 0.706718 
-0.085131 0.787331 
2.089166 1.050193 
2.006226 1.115594 
2.668931 1.007365 
3.203997 -0.004138 
-0.051818 0.536010 
1.362410 1.512992 
2.929688 -0.159428 
-0.150391 0.667749 
1.582130 1.490878 
-0.389236 -0.157404 
0.962228 1.036944 
3.344913 -0.197798 
0.138159 1.009988 
3.088270 -0.052586 
2.983794 -0.384468 
3.005279 0.016478 
1.603238 1.370920 
-0.095286 -0.246323 
2.544413 1.140230 
3.005140 0.341617 
0.340421 0.887787 
2.425580 0.913874 
3.141186 -0.019826 
2.944916 0.520775 
1.943292 1.418743 
2.771488 0.620873 
3.000299 0.107418 
3.075734 0.418483 
1.529375 1.177037 
-0.404269 0.044812 
1.748026 1.190812 
-0.168786 0.617483 
2.442216 0.928954 
1.026381 1.277316 
2.596302 1.045555 
0.365992 0.844089 
2.659405 0.795170 
0.520985 1.190788 
1.487066 1.188772 
0.761261 1.215461 
-0.313221 -0.217173 
3.074646 0.590296 
3.020139 0.501246 
0.112719 0.980010 
2.857891 0.346258 
1.733203 1.517762 
1.750263 1.247442 
0.439595 1.086797 
0.045851 0.284714 
3.260500 -0.078539 
-0.050181 0.253971 
0.237808 0.660211 
2.974878 0.454420 
0.442250 1.077549 
0.462251 0.978065 
-0.399200 -0.150182 
2.326873 0.943047 
3.304839 0.049110 
3.314483 -0.096963 
0.642577 0.958356 
1.964508 1.034147 
1.309515 1.151757 
2.441550 0.844255 
-0.243568 0.589586 
-0.109218 -0.263790 
1.321549 1.178883 
0.194176 0.691259 
2.895862 0.280398 
0.196996 0.488639 
-0.055134 -0.158540 
2.469818 1.067334 
1.183801 1.288600 
1.050821 1.117815 
0.503911 1.170937 
2.078970 1.007224 
1.373758 1.304606 
-0.049756 0.232150 
1.732965 1.196629 
-0.116555 0.128998 
2.493191 0.972968 
2.998679 0.069095 
2.424915 1.018931 
1.956695 1.020521 
2.610396 0.993304 
0.296444 0.967725 
3.103593 0.416222 
1.259278 1.538206 
-0.145343 0.251765 
2.405313 1.230191 
2.870672 0.637432 
2.852870 0.428216 
1.996443 1.399471 
1.832176 1.115963 
1.657960 1.409116 
-0.397944 -0.330229 
2.397814 0.884514 
0.897312 1.098586 
-0.236445 0.327075 
0.594589 1.054058 
-0.309595 -0.211983 
1.528400 1.483533 
-0.469846 -0.184233 
1.871250 1.322048 
2.628313 0.581920 
2.847273 0.544882 
0.103977 0.871887 
2.596484 0.829657 
2.666633 1.088750 
0.884810 1.454305 
1.391991 1.458051 
3.052362 -0.039352 
-0.092152 -0.341353 
2.971920 0.774852 
2.606737 1.076395 
0.402089 1.027194 
2.887326 0.839716 
-0.013114 0.859084 
3.147058 0.011539 
2.897736 0.768339 
2.725887 0.938410 
-0.214912 0.231764 
1.045223 1.172034 
2.990116 0.497129 
2.181505 1.217388 
0.297305 1.050842 
-0.286653 0.360905 
1.520494 1.444802 
2.055069 1.249862 
-0.087816 0.722352 
0.857342 1.261291 
0.593984 1.198366 
3.074540 -0.106194 
0.668025 1.138973 
1.438100 1.240434 
1.251900 1.304160 
1.305989 1.519491 
-0.302335 -0.257127 
1.028105 1.307651 
-0.360179 0.368466 
1.318317 1.354617 
-0.073152 0.800530 
2.929866 0.791745 
0.214024 0.565773 
2.979848 -0.297809 
1.348363 1.388230 
-0.480540 -0.024184 
2.619003 0.981542 
1.910888 1.263183 
-0.074719 0.226199 
1.342788 1.349174 
2.249368 0.909249 
2.472166 0.982706 
3.036754 0.324549 
2.729048 0.722714 
1.652708 1.197421 
3.115208 0.536388 
0.083140 0.660395 
-0.289023 0.524750 
2.789754 0.321576 
2.093096 1.163115 
1.063079 1.485344 
3.008940 -0.248565 
2.754660 1.017264 
0.602358 1.292619 
2.995880 0.621881 
-0.097510 0.166106 
0.501528 1.292338 
2.827717 0.903924 
2.051501 1.443738 
3.223750 -0.279919 
0.235451 0.746629 
1.303266 1.194188 
1.213196 1.524284 
2.909657 0.618036 
0.418544 0.866146 
-0.456976 0.084462 
2.166090 1.068621 
-0.172825 0.683714 
1.877443 1.297746 
0.315485 0.794992 
-0.473551 -0.232435 
2.551194 0.952933 
2.414390 1.077563 
2.283181 1.230492 
0.036771 0.223055 
2.067727 1.026345 
3.112331 -0.237518 
2.706387 0.464149 
0.935117 1.216635 
1.394470 1.328332 
2.783659 0.769799 
0.877834 1.069238 
0.766848 1.218971 
2.178670 0.933525 
3.122877 -0.134733 
0.228465 0.789152 
1.455463 1.229596 
1.076026 1.324536 
2.172444 1.297111 
2.158187 1.235926 
-0.399373 0.198354 
3.287472 -0.007819 
2.647008 0.685911 
1.882839 1.167982 
0.600514 1.136200 
0.667283 1.357615 
0.270224 0.616629 
0.099484 0.572527 
0.182131 0.894356 
2.793430 0.660589 
3.146545 0.115306 
2.949201 0.239619 
1.832827 1.371782 
1.589327 1.481659 
3.077555 0.217426 
2.725813 0.919988 
2.929855 0.516907 
-0.426790 0.062969 
1.678253 1.283131 
0.464035 1.119591 
-0.371307 0.348412 
2.662666 0.566075 
2.958414 -0.252374 
3.253150 -0.356173 
-0.054296 -0.020788 
2.513698 1.074211 
-0.157078 0.258631 
0.191352 0.511085 
2.879317 0.815754 
2.512318 1.083908 
1.359890 1.330051 
3.093234 0.627747 
1.466881 1.429333 
3.257626 -0.124956 
2.293626 1.233279 
-0.094576 0.660057 
0.540552 1.176180 
2.175200 1.360831 
0.082385 0.735886 
2.825250 0.404216 
-0.093952 -0.388783 
2.387203 0.927970 
0.502614 1.063655 
1.913163 1.483291 
1.234389 1.183048 
3.006271 0.248396 
2.791881 0.941294 
2.884057 0.284331 
2.837168 0.364384 
2.974052 -0.296811 
3.131392 0.257613 
1.473376 1.528583 
3.076459 -0.333208 
3.083213 0.397913 
0.238807 0.519722 
