1.757181 -0.574882 
-1.415069 -1.334518 
1.358793 -1.298014 
1.274233 -0.900829 
1.309022 -1.124469 
1.577081 -0.371964 
-1.320212 -1.412346 
-1.718445 -0.388723 
1.796066 -0.016532 
-1.687226 -0.710239 
0.467559 -1.586733 
-0.073598 -1.914745 
1.504107 -0.399662 
-1.190474 -1.094872 
-0.672019 -1.565179 
-0.592864 -1.577651 
1.540479 -1.174352 
-1.560641 -0.584289 
-0.552366 -1.854381 
0.668853 -1.422326 
0.008525 -1.723827 
-1.566243 -0.650491 
0.558539 -1.571734 
-1.453591 -0.672614 
-1.030054 -1.483281 
-0.533389 -1.659286 
-0.433365 -1.629555 
-1.054801 -1.639245 
-0.292768 -1.899551 
0.367722 -1.791486 
1.763692 -0.223244 
-0.861986 -1.630256 
1.640696 -0.538581 
-1.791145 -0.057825 
1.797752 -0.216696 
0.321906 -1.499371 
1.563670 -0.770138 
-0.397953 -1.616761 
-0.426052 -1.575558 
-0.923797 -1.244380 
-1.096698 -1.348373 
1.327382 -1.143351 
1.361512 -1.056479 
-0.037194 -1.562465 
0.132974 -1.782594 
0.288976 -1.717594 
-1.196789 -1.375582 
0.154980 -1.782555 
1.557260 -0.999805 
1.668411 -0.946400 
1.610462 -0.876230 
-1.524242 -0.575052 
-1.413647 -0.783857 
-1.604108 -0.172357 
-1.359327 -0.897538 
-1.522781 -0.723548 
0.933538 -1.485015 
0.999107 -1.240768 
1.704009 -0.194081 
1.532560 -0.190563 
0.248221 -1.653549 
-1.151205 -1.537719 
1.678971 -0.131204 
0.582774 -1.802602 
-1.552495 -0.078252 
1.736502 -0.825221 
0.441059 -1.890789 
0.425364 -1.755746 
0.999846 -1.649427 
0.351000 -1.559744 
-1.558570 -1.121606 
1.495222 -0.387884 
1.855329 -0.191417 
1.655304 -0.663608 
0.973898 -1.220694 
1.516323 -0.363115 
-0.490846 -1.823011 
-1.362520 -1.206252 
1.188390 -1.006286 
-1.833831 -0.207748 
1.483619 -0.410322 
-1.644364 -0.457782 
1.734938 -0.494017 
-0.071709 -1.645725 
0.885564 -1.591521 
-0.562728 -1.611124 
-1.173416 -1.503662 
-1.046949 -1.385482 
-1.582039 -0.096528 
-0.695408 -1.649310 
1.620848 -0.186217 
0.390876 -1.476206 
-1.570157 -0.628913 
0.591189 -1.644959 
-0.592797 -1.489156 
1.257389 -0.823024 
0.204260 -1.640960 
-0.545507 -1.435600 
0.276518 -1.759976 
-0.163695 -1.766652 
-0.128213 -1.777051 
-1.699507 -0.122116 
0.367088 -1.697400 
0.177216 -1.819876 
0.745414 -1.789083 
-1.428297 -0.963476 
-0.249243 -1.888115 
-1.496772 -1.168367 
1.506344 -0.456820 
1.759590 -0.615505 
1.163692 -1.238882 
-0.595100 -1.677703 
1.123914 -1.524692 
-1.653198 -0.286334 
-1.761234 -0.185407 
-0.502002 -1.841709 
-1.932561 -0.084044 
1.887235 -0.081715 
-1.482772 -0.259392 
0.517963 -1.733806 
-1.580422 -0.558797 
-0.919641 -1.624830 
-1.882813 -0.473378 
-1.104609 -1.388977 
-1.688466 -0.560052 
1.368067 -1.239846 
1.003006 -1.224293 
-1.838002 -0.201284 
-0.901671 -1.450084 
1.836034 -0.057195 
0.600224 -1.691880 
0.343062 -1.839013 
1.623432 -0.447689 
0.671299 -1.708277 
-0.367782 -1.631906 
-1.656257 -0.242490 
0.176964 -1.829092 
-0.854473 -1.527447 
0.633789 -1.789252 
0.040058 -1.775853 
0.687261 -1.735595 
-0.672704 -1.499315 
1.518582 -0.121733 
-0.725332 -1.432865 
-1.857392 -0.509551 
1.267899 -1.106542 
-1.051964 -1.468481 
0.412597 -1.681352 
-0.053130 -1.753200 
-0.989650 -1.569274 
-0.019020 -1.557005 
1.145782 -1.430733 
-0.325181 -1.786227 
-1.276477 -0.851898 
0.517625 -1.668330 
1.363424 -0.630854 
-1.111066 -1.476324 
0.947986 -1.424566 
1.345613 -0.941537 
1.114734 -1.173477 
1.268587 -1.307063 
-0.686612 -1.567251 
-0.689317 -1.729511 
1.267709 -1.454369 
-1.147662 -1.532714 
1.375964 -0.610496 
0.020359 -1.853289 
1.229666 -0.945237 
-0.179206 -1.511471 
-0.736940 -1.797199 
1.489567 -0.455183 
1.669129 -0.017385 
1.270616 -1.250870 
-1.691756 -0.672820 
1.347185 -0.857851 
1.706350 -0.915041 
1.369302 -1.337626 
1.526110 -0.478487 
-0.546508 -1.828265 
0.644769 -1.525766 
0.692303 -1.679223 
1.571925 -0.592938 
1.661731 -0.545705 
-0.648031 -1.839090 
-0.171457 -1.845488 
0.861700 -1.227252 
0.704584 -1.776559 
1.778928 -0.231490 
0.983846 -1.158866 
1.255173 -1.108801 
-0.747339 -1.472812 
-0.004776 -1.674667 
-1.357779 -1.213672 
1.145352 -1.524888 
1.246313 -0.935875 
0.632688 -1.483893 
-0.057976 -1.776735 
0.492591 -1.694104 
1.498272 -0.487841 
0.976800 -1.356116 
0.369310 -1.749284 
-0.917227 -1.208962 
1.216986 -0.928378 
-0.555554 -1.820841 
-1.816694 -0.337531 
-0.504440 -1.674635 
1.634653 -0.764018 
1.471226 -1.272302 
-1.482625 -1.206885 
-1.501725 -0.678579 
-1.009655 -1.420050 
0.084053 -1.653383 
-0.865030 -1.319557 
1.605512 -0.905827 
1.518044 -0.645445 
-0.118803 -1.708088 
1.566315 -0.105972 
-1.153836 -0.983021 
-0.805128 -1.408273 
-1.538406 -0.197185 
1.537523 -0.528013 
-0.599422 -1.445175 
-1.607160 -0.134948 
-1.075524 -1.316604 
-0.226385 -1.653880 
-1.344563 -0.659369 
-1.604045 -0.433228 
-1.560104 -0.450635 
-0.712352 -1.578537 
1.408949 -0.887948 
0.228238 -1.638326 
0.747851 -1.602999 
1.584778 -0.282889 
0.389466 -1.780444 
0.034927 -1.716619 
-1.549978 -1.156656 
-1.612290 -0.588106 
1.615059 -0.485332 
-1.403758 -0.809128 
1.559942 -0.228086 
-1.554622 -0.233160 
-1.092555 -1.560634 
-1.070339 -1.386113 
-1.587538 -0.214270 
1.876042 -0.027446 
1.023854 -1.645470 
-1.527183 -0.959254 
-1.288442 -1.416618 
-0.320363 -1.735545 
-1.246318 -1.001802 
-0.377402 -1.852894 
-1.764552 -0.393636 
-0.436318 -1.688514 
-0.857893 -1.616520 
-1.506366 -0.717122 
1.454029 -1.227474 
1.397250 -1.172889 
0.749412 -1.571564 
1.652923 -0.224046 
-0.491053 -1.870310 
0.292066 -1.648019 
1.444990 -0.624445 
-1.681953 -0.029358 
-1.535414 -0.461910 
0.916780 -1.606302 
0.700021 -1.814597 
-1.524977 -0.908337 
-0.966642 -1.498618 
1.226399 -1.160796 
-0.693499 -1.453119 
-1.305651 -1.224566 
-1.426641 -1.192604 
-1.773233 -0.784198 
1.583210 -0.622671 
-1.634888 -0.863980 
-1.467081 -0.624569 
0.104797 -1.583145 
1.724895 -0.769540 
0.268372 -1.897912 
1.637653 -0.312810 
-0.373776 -1.826692 
1.029700 -1.157631 
-1.483126 -0.656666 
1.594151 -0.064553 
1.852581 -0.380145 
1.621611 -0.124990 
-1.377778 -0.707628 
-1.503939 -0.817610 
1.646177 -0.909718 
-1.608897 -1.051500 
-0.963633 -1.198405 
-0.764208 -1.538602 
0.140432 -1.778447 
-1.539027 -0.670905 
1.268493 -1.354075 
1.551668 -0.868535 
-1.519722 -0.334113 
1.391131 -1.252342 
-1.424397 -0.954347 
-1.860817 -0.229251 
-1.192303 -1.089609 
-1.187883 -1.329428 
1.564155 -0.541668 
1.310510 -1.105872 
1.610297 -0.445765 
1.784610 -0.213225 
1.036872 -1.241817 
-1.734594 -0.219694 
-1.706058 -0.065247 
1.303467 -0.786634 
-0.469401 -1.488560 
0.459354 -1.669355 
0.127210 -1.774753 
-1.270056 -1.009620 
0.702803 -1.588151 
-1.551051 -0.435046 
1.063331 -1.298523 
-1.649240 -1.027260 
0.919231 -1.187714 
-1.670499 -1.000319 
-0.674859 -1.821560 
0.255189 -1.720293 
1.335649 -1.282748 
-0.238449 -1.606474 
-0.696462 -1.355994 
1.620793 -0.507086 
-0.151703 -1.653751 
-0.271518 -1.890828 
-1.880859 -0.036719 
0.860439 -1.523346 
-1.269515 -1.333509 
-1.512343 -0.037677 
1.776606 -0.530017 
-0.541758 -1.652214 
-0.062999 -1.764581 
1.256893 -0.911252 
-1.548737 -0.077288 
1.543445 -0.302669 
1.236616 -1.022349 
-0.358869 -1.742476 
-1.204926 -0.917697 
1.720255 -0.568714 
-0.112979 -1.886775 
-1.671222 -0.756077 
0.825581 -1.291979 
0.994170 -1.181271 
1.261484 -0.862527 
1.237655 -1.366092 
1.786537 -0.675520 
1.423822 -1.043089 
1.489167 -0.469972 
0.343782 -1.609865 
1.291170 -0.846455 
1.228681 -1.458649 
1.099025 -1.140040 
1.834984 -0.558480 
-0.319916 -1.615433 
-0.359701 -1.487907 
1.068752 -1.411924 
0.462116 -1.768374 
-1.550566 -0.234551 
0.233786 -1.519001 
1.529620 -0.668270 
0.190372 -1.719139 
0.533686 -1.794382 
1.447758 -1.207704 
0.975478 -1.409576 
-1.733203 -0.791177 
1.619614 -0.355697 
-0.483132 -1.535534 
0.945348 -1.160929 
1.773498 -0.484739 
-0.419028 -1.544798 
1.666570 -0.183521 
-1.903997 -0.113701 
0.050580 -1.496817 
1.022603 -1.243944 
-1.844881 -0.248347 
1.237213 -1.501334 
-1.630756 -0.947792 
0.501808 -1.442344 
-1.520411 -0.167940 
1.677955 -0.475545 
-1.104739 -1.513351 
-0.839597 -1.501652 
-1.482880 -0.540753 
-1.810091 -0.073276 
1.526919 -1.082637 
-1.900846 -0.076231 
0.896540 -1.294531 
-1.830969 -0.110208 
1.148213 -1.108783 
-1.624731 -0.995661 
1.131628 -1.580645 
0.267999 -1.557474 
1.568226 -0.703089 
0.138012 -1.778920 
1.418642 -1.047262 
-1.699314 -0.542972 
1.629615 -0.259186 
-1.764346 -0.296977 
-1.345084 -1.083137 
-1.409058 -0.989775 
-1.027870 -1.247609 
-1.715879 -0.489428 
0.371456 -1.707953 
1.752973 -0.326268 
0.453449 -1.752738 
1.690168 -0.684503 
1.495016 -0.331709 
1.661049 -0.989951 
-1.655343 -0.977764 
-0.302643 -1.559104 
1.358984 -1.333097 
0.348361 -1.533930 
-1.477469 -0.385937 
1.448646 -0.389155 
0.791010 -1.665092 
-1.381254 -1.078527 
0.077056 -1.700966 
0.920569 -1.485449 
-1.502081 -0.165039 
-1.260823 -1.408129 
0.348366 -1.909609 
0.113954 -1.517777 
-0.788056 -1.455320 
0.021025 -1.512125 
0.832199 -1.259479 
-0.448072 -1.791261 
-1.595438 -0.287407 
0.516289 -1.690194 
1.836705 -0.437429 
-1.545384 -0.359134 
-1.760616 -0.194693 
1.243522 -0.939004 
-1.269499 -1.017073 
1.223788 -1.192922 
0.115449 -1.886014 
0.035924 -1.781696 
-1.404621 -1.141971 
-1.361686 -0.997240 
0.118620 -1.638151 
-0.978348 -1.678318 
-0.411525 -1.560907 
-1.618400 -0.527813 
0.808213 -1.647976 
-1.307903 -0.773373 
1.451671 -0.427675 
-0.831137 -1.670106 
0.266452 -1.532405 
-1.205780 -0.989851 
-1.534933 -0.570254 
1.730583 -0.354023 
-0.802394 -1.441851 
1.758138 -0.481381 
-0.901859 -1.364831 
1.856070 -0.593759 
-1.874531 -0.401147 
0.265725 -1.772139 
0.934051 -1.306375 
0.575231 -1.613791 
-1.021965 -1.102724 
0.825207 -1.526447 
1.765668 -0.047918 
1.644518 -0.301764 
0.839647 -1.690477 
0.319814 -1.880100 
1.108167 -1.142644 
0.050995 -1.761183 
0.473196 -1.712006 
-0.829118 -1.725324 
0.954338 -1.420791 
-0.601818 -1.506114 
0.469287 -1.525814 
1.905961 -0.163207 
-1.603176 -0.990389 
1.814563 -0.347698 
-0.728628 -1.596278 
1.662478 -0.051722 
0.650543 -1.637758 
1.306327 -1.327573 
-1.917548 -0.024384 
0.392168 -1.765914 
-1.298859 -0.920360 
-1.823426 -0.265269 
-1.781629 -0.194883 
1.802787 -0.412009 
-0.392080 -1.460689 
-0.789030 -1.285653 
1.494891 -0.363497 
1.446398 -0.529607 
1.113252 -1.465785 
1.545938 -1.164795 
1.028567 -1.160039 
-0.181679 -1.937619 
-0.306582 -1.758056 
-0.619524 -1.547283 
-1.385160 -0.616715 
0.777342 -1.414956 
1.616014 -0.439249